0-蒙G8U3HY.jpg 55 18 10 30 5 19 34
1-皖YRBY3B.jpg 52 34 27 13 34 5 13
2-宁EGZ73K.jpg 40 16 18 35 9 5 21
3-琼V1S2NB.jpg 50 31 3 28 4 24 13
4-陕YHA8GV.jpg 63 34 19 12 10 18 31
5-粤HPV1SQ.jpg 53 19 25 31 3 28 26
6-鲁JR0U8X.jpg 65 20 27 2 30 10 33
7-皖V1QKWZ.jpg 52 31 3 26 21 32 35
8-沪R1B5GY.jpg 45 27 3 13 7 18 34
9-甘KCRA5Y.jpg 51 21 14 27 12 7 34
10-甘J5B3RC.jpg 51 20 7 13 5 27 14
11-苏X3T3PP.jpg 54 33 5 29 5 25 25
12-沪NH7E3Y.jpg 45 24 19 9 16 5 34
13-皖FQHHLQ.jpg 52 17 26 19 19 22 26
14-辽B3TQLY.jpg 60 13 5 29 26 22 34
15-粤ZYZR2N.jpg 53 35 34 35 27 4 24
16-津PCCCJX.jpg 46 25 14 14 14 20 33
17-藏NM0DXQ.jpg 56 24 23 2 15 33 26
18-豫XJHKCC.jpg 57 33 20 19 21 14 14
19-苏QXE974.jpg 54 26 33 16 11 9 6
20-沪ZHZKQG.jpg 45 35 19 35 21 26 18
21-闽N5W7QV.jpg 62 24 7 32 9 26 31
22-琼QRLB4S.jpg 50 26 27 22 13 6 28
23-津Y143RG.jpg 46 34 3 6 5 27 18
24-吉SGN1RM.jpg 39 28 18 24 3 27 23
25-新TX1G5T.jpg 42 29 33 3 18 7 29
26-湘K2926J.jpg 49 21 4 11 4 8 20
27-桂VE2BPQ.jpg 44 31 16 4 13 25 26
28-湘WS7WHK.jpg 49 32 28 9 32 19 21
29-藏T5HHEN.jpg 56 29 7 19 19 16 24
30-新XT4E2M.jpg 42 33 29 6 16 4 23
31-渝C75EG1.jpg 48 14 9 7 16 18 3
32-宁HX0XZN.jpg 40 19 33 2 33 35 24
33-苏LH5DY6.jpg 54 22 19 7 15 34 8
34-鄂SANSYS.jpg 61 28 12 24 28 34 28
35-京JH1AD7.jpg 37 20 19 3 12 15 9
36-浙LP0L1S.jpg 47 22 25 2 22 3 28
37-辽H4VT8F.jpg 60 19 6 31 29 10 17
38-新T05UX9.jpg 42 29 2 7 30 33 11
39-藏GKS0SL.jpg 56 18 21 28 2 28 22
40-赣P8S154.jpg 59 25 10 28 3 7 6
41-粤DTFYUB.jpg 53 15 29 17 34 30 13
42-桂DTS713.jpg 44 15 29 28 9 3 5
43-津SZ3TU8.jpg 46 28 35 5 29 30 10
44-渝FND545.jpg 48 17 24 15 7 6 7
45-青PP8XAD.jpg 64 25 25 10 33 12 15
46-吉YKB6TK.jpg 39 34 21 13 8 29 21
47-京P6P54A.jpg 37 25 8 25 7 6 12
48-晋T7YJKQ.jpg 43 29 9 34 20 21 26
49-渝XXTSLM.jpg 48 33 33 29 28 22 23
50-辽LG9DJG.jpg 60 22 18 11 15 20 18
51-苏U8ZKLM.jpg 54 30 10 35 21 22 23
52-闽CS1H41.jpg 62 14 28 3 19 6 3
53-青T0DZS5.jpg 64 29 2 15 35 28 7
54-黑N8FDT5.jpg 66 24 10 17 15 29 7
55-新PXXZFA.jpg 42 25 33 33 35 17 12
56-苏P58L88.jpg 54 25 7 10 22 10 10
57-甘T2H99C.jpg 51 29 4 19 11 11 14
58-津MUJREX.jpg 46 23 30 20 27 16 33
59-宁Q23YTP.jpg 40 26 4 5 34 29 25
60-黑M2PHMD.jpg 66 23 4 25 19 23 15
61-鲁CDYPSQ.jpg 65 14 15 34 25 28 26
62-冀HF0X8T.jpg 38 19 17 2 33 10 29
63-苏J9D6ZG.jpg 54 20 11 15 8 35 18
64-闽NRZZ8X.jpg 62 24 27 35 35 10 33
65-辽ZWQJC0.jpg 60 35 32 26 20 14 2
66-皖MQ0FJH.jpg 52 23 26 2 17 20 19
67-赣NURU6K.jpg 59 24 30 27 30 8 21
68-冀W3NZ2T.jpg 38 32 5 24 35 4 29
69-琼N9ARCE.jpg 50 24 11 12 27 14 16